s1 = k1
s2 = k2
s3 = k3
s4 = -k3
s5 = k4
s6 = k5
s7 = k6
s8 = k7
s9 = k8
s10 = 2 * k7 - 6 * k1 - 6 * k2 - 2 * k8
s11 = k1 - k7 + k8
s12 = 1/3 * k7 - k1 - 1/3 * k8
s13 = k3
s14 = -k3
s15 = k4
s16 = k5
s17 = k6
s18 = 3 * k7 - 6 * k1 - 6 * k2 - 4 * k8
s19 = 2 * k7 - 3 * k1 - 3 * k2 - 3 * k8
s20 = 2 * k7 - 2 * k8
s21 = k3
s22 = -k3
s23 = k9
s24 = -k9
s25 = -k4
s26 = k6
s27 = - 4 * k5
s28 = k10
s29 = 16 * k1 + 16 * k2 - 8/3 * k7 + 16/3 * k8 - k10
s30 = 2 * k7 - 12 * k1 - 12 * k2 - 4 * k8 + k10
s31 = 20 * k1 + 20 * k2 - 4 * k7 + 8 * k8 - k10
s32 = k11
s33 = k11
s34 = 8 * k1 + 8 * k2 - 4/3 * k7 + 8/3 * k8
s35 = -4/3 * k1 - 4/3 * k2 + 2/3 * k7 - 8/9 * k8
s36 = 2 * k7 - 12 * k1 - 12 * k2 - 4 * k8 + k10
s37 = 20 * k1 + 20 * k2 - 4 * k7 + 8 * k8 - k10
s38 = 4 * k7 - 18 * k1 - 18 * k2 - 8 * k8 + k10
s39 = 22 * k1 + 22 * k2 - 16/3 * k7 + 32/3 * k8 - k10
s40 = k11
s41 = k11
s42 = 4 * k1 + 4 * k2 - 4/3 * k7 + 8/3 * k8
s43 = -2/3 * k1 - 2/3 * k2 + 4/9 * k7 - 2/3 * k8
s44 = 24 * k1 + 24 * k2 - 4 * k7 + 8 * k8
s45 = 12 * k1 + 12 * k2 - 4 * k7 + 8 * k8
s46 = 4/3 * k7 - 4/3 * k8
