t1 = -2*k1 - 3*k2 + k7 - k8
t2 = -3*k2 + k7 - k8 + k9
t3 = k1
t4 = -3*k2 + k9
t5 = k3
t6 = -k3
t7 = 2*k1 + 6*k2 - 2*k7 + 2*k8 - k9
t8 = k4
t9 = 2*k4
t10 = 2*k4
t11 = k5
t12 = k5
t13 = k6
t14 = k1
t15 = -3*k2 + k9
t16 = k1 - k7 + k8
t17 = 3*k1 - k7 + k8 + k9
t18 = k3
t19 = -k3
t20 = -4*k1 + 2*k7 - 2*k8 - k9
t21 = k4
t22 = 2*k4
t23 = 2*k4
t24 = k5
t25 = k5
t26 = k6
t27 = k3
t28 = -k3
t29 = k3
t30 = -k3
t31 = k9
t32 = 4*k1 - 12*k2 + 3*k9
t33 = -2*k1 - 6*k2 + 2*k7 - 2*k8 + k9
t34 = 4*k1 - 2*k7 + 2*k8 + k9
t35 = -k4
t36 = -k4
t37 = 8*k4
t38 = k6
t39 = k6
t40 = -4*k5
