v1 = -4*k1 - 6*k2 + 2*k7 - 2*k8
v2 = k9/2
v3 = 2*k3
v4 = -2*k3
v5 = 2*k1 + 6*k2 - 2*k7 + 2*k8 - k9
v6 = 2*k4
v7 = 2*k4
v8 = 2*k5
v9 = 2*k6
v10 = -6*k1 - 6*k2 + 2*k7 - 2*k8
v11 = 2*k1
v12 = k9/2
v13 = 2*k3
v14 = -2*k3
v15 = -4*k1 + 2*k7 - 2*k8 - k9
v16 = 2*k4
v17 = 2*k4
v18 = 2*k5
v19 = 2*k6
v20 = 2*k7 - 2*k8
v21 = 2*k3
v22 = -2*k3
v23 = 2*k9
v24 = 2*k1 - 6*k2
v25 = -2*k1 - 6*k2 + 2*k7 - 2*k8 + k9
v26 = -2*k4
v27 = 8*k4
v28 = 2*k6
v29 = -8*k5
v30 = -6*k1 - 6*k2 + 4*k7 - 4*k8
v31 = -6*k1 - 6*k2 + 2*k7 - 2*k8
v32 = -6*k1 - 6*k2
v33 = 6*k1 + 6*k2 - 4*k7 + 4*k8
